0505050505
5050505050
0505050505
5050505050
0505050505
5050505050
0505050505
5050505050
0505050505
5050505050

1357913579
1357913579
1357913579
1357913579
1357913579
1357913579
1357913579
1357913579
1357913579
1357913579

1471471471
1471471471
1471471471
1471471471
1471471471
1471471471
1471471471
1471471471
1471471471
1471471471

6006006006
7007007007
7007007007
7007007007
7007007007
7007007007
7007007007
7007007007
7007007007
6006006006

6000600006
7000700007
7000700007
7000700007
7000700007
7000700007
7000700007
7000700007
7000700007
6000600006

6777777776
0000000000
0000000000
0000000000
0000000000
0000000000
0000000000
0000000000
0000000000
6777777776

4000000004
0000000000
0000000000
0000000000
0000000000
0000000000
0000000000
0000000000
0000000000
4000000004

6777777776
0000000000
0000000000
0000000000
0000000000
0000000000
0000000000
0000000000
0000000000
0000000000

0000000000
0000000000
0000000000
0000000000
0000000000
5555555555
5555555555
5555555555
5555555555
5555555555

0000000000
0000000000
0000000000
0004444000
0004444000
0004444000
0004444000
0000000000
0000000000
0000000000

0000005555
0000005555
0000055555
0000055555
0000055555
0000055555
0000555555
0000555555
0005555555
0005555555

0000000005
0000000055
0000000555
0000005555
0000055555
0000555555
0005555555
0055555555
0555555555
5555555555

0000000000
0000000000
0000000000
0000000000
0000500000
5555555555
5555555555
5555555555
5555555555
5555555555
